C3 FUNDING/PREMIUM ENRICHMENT

{
  "n": 104,
  "train_n": 62,
  "hold_n": 42,
  "hold_hit5": 0.8571428571428571,
  "hold_t5_s7p5": 0.7380952380952381,
  "funding_coverage": 1.0,
  "premium_coverage": 1.0
}

TOP TRAIN-FROZEN FUNDING/PREMIUM FILTERS
                feature op     value  train_n  train_hit5  train_t5_s7p5  hold_n  hold_hit5  hold_t5_s7p5  hold_hit10    score
     premium_at_trigger >= -0.000027       31    0.903226       0.741935      32   0.937500      0.875000    0.750000 0.915625
funding_rate_at_trigger >=  0.000013       42    0.904762       0.761905      35   0.942857      0.857143    0.742857 0.912857
funding_rate_at_trigger >=  0.000013       42    0.904762       0.761905      35   0.942857      0.857143    0.742857 0.912857
funding_rate_at_trigger >=  0.000013       42    0.904762       0.761905      35   0.942857      0.857143    0.742857 0.912857
     premium_at_trigger >= -0.000314       40    0.925000       0.775000      35   0.942857      0.857143    0.742857 0.912857
     premium_at_trigger >=  0.000475       22    0.909091       0.681818      13   0.923077      0.846154    0.769231 0.896154
funding_rate_at_trigger >= -0.000138       49    0.897959       0.734694      37   0.918919      0.810811    0.702703 0.881081
     premium_at_trigger >= -0.001606       49    0.897959       0.734694      37   0.918919      0.810811    0.702703 0.881081
funding_rate_at_trigger <=  0.000031       49    0.877551       0.755102      36   0.861111      0.750000    0.666667 0.822222
     premium_at_trigger <=  0.000745       49    0.877551       0.755102      36   0.861111      0.750000    0.666667 0.822222
funding_rate_at_trigger <=  0.000013       44    0.863636       0.750000      33   0.848485      0.727273    0.636364 0.806061
funding_rate_at_trigger <=  0.000013       44    0.863636       0.750000      33   0.848485      0.727273    0.636364 0.806061
funding_rate_at_trigger <=  0.000013       44    0.863636       0.750000      33   0.848485      0.727273    0.636364 0.806061
     premium_at_trigger <=  0.000475       40    0.850000       0.725000      29   0.827586      0.689655    0.586207 0.779310
     premium_at_trigger <= -0.000027       31    0.838710       0.677419      10   0.600000      0.300000    0.300000 0.495000
