METHOD 1 — PEAK RSI GATE AUDIT

Corrected C1 base events: 92 train=55 holdout=37
Base holdout +5%: 91.89%
Base holdout +5 before -7.5%: 86.49%

PEAK RSI THRESHOLD RESULTS
 peak_rsi_min   fresh_shape  train_n  train_hit5  train_hit10  train_t5_s7p5  hold_n  hold_hit5  hold_hit10  hold_t5_s7p5  hold_median_mfe  hold_median_mae
           55         False       55    0.890909     0.563636       0.800000      37   0.918919    0.702703      0.864865         0.171591        -0.029221
           55          True       26    0.846154     0.461538       0.653846      17   0.882353    0.705882      0.764706         0.139821        -0.064497
           60         False       53    0.886792     0.547170       0.792453      36   0.916667    0.722222      0.861111         0.172318        -0.028440
           60          True       26    0.846154     0.461538       0.653846      17   0.882353    0.705882      0.764706         0.139821        -0.064497
           65         False       44    0.863636     0.500000       0.750000      35   0.914286    0.714286      0.857143         0.171591        -0.029221
           65          True       25    0.840000     0.440000       0.640000      17   0.882353    0.705882      0.764706         0.139821        -0.064497
           68         False       38    0.868421     0.473684       0.763158      30   0.900000    0.700000      0.833333         0.172318        -0.026143
           68          True       23    0.826087     0.434783       0.652174      16   0.875000    0.687500      0.750000         0.135371        -0.059471
           70         False       36    0.861111     0.472222       0.750000      28   0.892857    0.678571      0.821429         0.155706        -0.028918
           70          True       23    0.826087     0.434783       0.652174      16   0.875000    0.687500      0.750000         0.135371        -0.059471
           72         False       33    0.878788     0.484848       0.757576      27   0.888889    0.666667      0.814815         0.139821        -0.027658
           72          True       21    0.857143     0.428571       0.666667      15   0.866667    0.666667      0.733333         0.130920        -0.064497
           75         False       28    0.892857     0.500000       0.750000      21   0.904762    0.666667      0.809524         0.130920        -0.046421
           75          True       20    0.850000     0.450000       0.650000      15   0.866667    0.666667      0.733333         0.130920        -0.064497
           78         False       20    0.900000     0.450000       0.700000      13   0.923077    0.692308      0.769231         0.111461        -0.054445
           78          True       15    0.866667     0.400000       0.600000      10   0.900000    0.700000      0.700000         0.119605        -0.066655
           80         False       17    0.882353     0.470588       0.647059      12   0.916667    0.666667      0.750000         0.121191        -0.055459
           80          True       14    0.857143     0.428571       0.571429       9   0.888889    0.666667      0.666667         0.130920        -0.068813
           82         False       14    0.857143     0.571429       0.642857       9   0.888889    0.555556      0.666667         0.107542        -0.068813
           82          True       12    0.833333     0.500000       0.583333       8   0.875000    0.625000      0.625000         0.167548        -0.077327
           85         False       11    1.000000     0.636364       0.727273       9   0.888889    0.555556      0.666667         0.107542        -0.068813
           85          True        9    1.000000     0.555556       0.666667       8   0.875000    0.625000      0.625000         0.167548        -0.077327
           65 rsi_drop>=10%       44    0.863636     0.500000       0.750000      35   0.914286    0.714286      0.857143         0.171591        -0.029221
           65 rsi_drop>=15%       44    0.863636     0.500000       0.750000      35   0.914286    0.714286      0.857143         0.171591        -0.029221
           65 rsi_drop>=20%       36    0.888889     0.527778       0.777778      34   0.911765    0.735294      0.852941         0.172318        -0.028440
           65 rsi_drop>=25%       24    0.916667     0.416667       0.833333      21   1.000000    0.809524      1.000000         0.192868        -0.023359
           70 rsi_drop>=10%       36    0.861111     0.472222       0.750000      28   0.892857    0.678571      0.821429         0.155706        -0.028918
           70 rsi_drop>=15%       36    0.861111     0.472222       0.750000      28   0.892857    0.678571      0.821429         0.155706        -0.028918
           70 rsi_drop>=20%       28    0.892857     0.500000       0.785714      27   0.888889    0.703704      0.814815         0.171591        -0.027658
           70 rsi_drop>=25%       17    0.941176     0.352941       0.882353      16   1.000000    0.812500      1.000000         0.196086        -0.021712
           75 rsi_drop>=10%       28    0.892857     0.500000       0.750000      21   0.904762    0.666667      0.809524         0.130920        -0.046421
           75 rsi_drop>=15%       28    0.892857     0.500000       0.750000      21   0.904762    0.666667      0.809524         0.130920        -0.046421
           75 rsi_drop>=20%       20    0.950000     0.550000       0.800000      20   0.900000    0.700000      0.800000         0.135371        -0.037040
           75 rsi_drop>=25%       11    1.000000     0.363636       0.909091      10   1.000000    0.800000      1.000000         0.161894        -0.020413

VIRTUAL C1 EVENTS
none
