MA111 / MA350 SUPPORT-BASE + RSI CONFIRMATION

This pass explicitly allows the first touch to dip/close modestly below the MA, then waits for RSI confirmation while price bases around support.
It is designed to capture the CHIP-like behavior that strict same-candle support confirmation can miss.

HL rows: 77543 | coins: 176
Binance rows: 67876 | symbols: 154

TOP VARIANTS
 ma_len  below_frac  breakout_buffer  min_extension   slope_req  confirm_window     rsi_confirm  train_n  train_hit5  train_risk  train_roi  hl_hold_n  hl_hit5  hl_risk    hl_roi  hl_hit7p5  hl_hit10  hl_hit15  hl_roi7p5  hl_roi10  hl_roi15  bin_hold_n  bin_hit5  bin_risk   bin_roi  bin_hit10  eligible_train  crossvenue_pass    score
    350        0.90             0.00           0.08         any               2 rsi_bottom_turn       42    0.761905    0.690476   0.012839         28 0.714286 0.678571  0.009535   0.464286  0.321429  0.250000   0.004509  0.008368  0.016920          18  0.500000  0.444444 -0.004458   0.277778            True            False 0.571868
    350        0.75             0.00           0.08         any               2 rsi_bottom_turn       45    0.755556    0.688889   0.012345         31 0.677419 0.645161  0.006413   0.419355  0.290323  0.193548   0.001540  0.005025  0.009932          19  0.526316  0.473684  0.000392   0.263158            True            False 0.569007
    350        0.90             0.00           0.08         any               6 rsi_bottom_turn       62    0.741935    0.677419   0.010037         42 0.690476 0.666667  0.009711   0.452381  0.357143  0.285714   0.003065  0.009209  0.018324          26  0.538462  0.500000 -0.001286   0.346154            True            False 0.559414
    350        0.90             0.00           0.08         any               4 rsi_bottom_turn       58    0.724138    0.672414   0.009636         39 0.666667 0.641026  0.006835   0.461538  0.358974  0.282051   0.003227  0.009202  0.017736          25  0.520000  0.480000 -0.003201   0.360000            True            False 0.548961
    350        0.75             0.00           0.08         any               4 rsi_bottom_turn       61    0.721311    0.672131   0.009429         42 0.642857 0.619048  0.004724   0.428571  0.333333  0.238095   0.001127  0.006676  0.012521          26  0.538462  0.500000  0.000295   0.346154            True            False 0.548414
    350        0.75             0.00           0.08         any               6 rsi_bottom_turn       66    0.727273    0.666667   0.008495         44 0.681818 0.659091  0.009491   0.431818  0.340909  0.272727   0.002912  0.008777  0.017477          27  0.518519  0.481481 -0.002619   0.333333            True            False 0.546362
    350        0.90             0.01           0.08         any               2 rsi_bottom_turn       36    0.722222    0.666667   0.010601         24 0.708333 0.666667  0.008482   0.458333  0.291667  0.208333   0.000797  0.003215  0.009026          16  0.562500  0.500000 -0.000176   0.312500            True            False 0.538566
    111        0.75             0.00           0.08         any               6        bull_div       21    0.761905    0.761905   0.017338         14 0.642857 0.642857  0.021755   0.571429  0.357143  0.000000   0.026112  0.023839  0.012773          11  0.454545  0.454545 -0.004779   0.090909           False            False 0.693248
    111        0.90             0.01           0.08 nonnegative               2 rsi_bottom_turn       26    0.692308    0.692308   0.014073         18 0.833333 0.777778  0.031390   0.500000  0.388889  0.111111   0.026148  0.022930  0.015064          13  0.615385  0.615385  0.005381   0.461538           False            False 0.644443
    111        0.90             0.01           0.08         any               2 rsi_bottom_turn       61    0.737705    0.655738   0.006384         42 0.738095 0.714286  0.020485   0.476190  0.404762  0.190476   0.017370  0.018372  0.013964          27  0.592593  0.592593  0.001613   0.296296           False            False 0.634007
    111        0.90             0.00           0.08         any               2 rsi_bottom_turn       78    0.692308    0.641026   0.008138         53 0.698113 0.660377  0.013338   0.452830  0.396226  0.207547   0.011979  0.014660  0.013595          35  0.485714  0.485714 -0.009936   0.228571           False            False 0.632344
    111        0.90             0.01           0.08 nonnegative               4 rsi_bottom_turn       38    0.657895    0.657895   0.011568         26 0.846154 0.730769  0.022836   0.576923  0.500000  0.230769   0.024015  0.026595  0.027597          18  0.722222  0.722222  0.016831   0.611111           False            False 0.623401
    111        0.75             0.01           0.08         any               2 rsi_bottom_turn       65    0.723077    0.646154   0.005043         44 0.727273 0.681818  0.016013   0.454545  0.386364  0.181818   0.013039  0.013996  0.009789          29  0.620690  0.620690  0.008334   0.344828           False            False 0.622290
    111        0.75             0.00           0.08         any               2 rsi_bottom_turn       82    0.682927    0.621951   0.005466         55 0.690909 0.654545  0.012293   0.454545  0.381818  0.200000   0.011438  0.012229  0.011203          37  0.513514  0.513514 -0.004043   0.270270           False            False 0.612796
    111        0.75             0.01           0.08         any               2       rsi_plus5       24    0.750000    0.666667   0.005433         16 0.562500 0.562500  0.003702   0.312500  0.187500  0.125000  -0.003767 -0.008395 -0.006774           8  0.125000  0.125000 -0.052522   0.000000           False            False 0.609963
    111        0.75             0.00           0.05         any               4        bull_div       24    0.666667    0.666667   0.010280         17 0.529412 0.529412  0.014452   0.352941  0.235294  0.176471   0.020955  0.023555  0.032220          12  0.333333  0.333333 -0.020553   0.166667           False            False 0.609195
    111        0.90             0.01           0.08         any               2  rsi_above_sma5       45    0.711111    0.644444   0.004602         30 0.533333 0.500000 -0.001918   0.366667  0.333333  0.166667  -0.005956  0.000665  0.000127          21  0.619048  0.571429  0.002002   0.380952           False            False 0.605845
    111        0.75             0.01           0.08         any               4       rsi_plus5       39    0.717949    0.641026   0.004938         26 0.576923 0.576923  0.002240   0.346154  0.230769  0.153846  -0.001795 -0.007527 -0.006302          18  0.388889  0.333333 -0.026548   0.222222           False            False 0.604766
    111        0.75             0.01           0.08         any               2  rsi_above_sma3      102    0.705882    0.617647   0.001224         68 0.573529 0.529412 -0.001645   0.426471  0.367647  0.205882  -0.000402  0.004725  0.004636          46  0.608696  0.565217  0.001700   0.413043           False            False 0.603511
    111        0.90             0.01           0.08         any               6         rsi_up2       84    0.702381    0.630952   0.001785         56 0.553571 0.553571 -0.001907   0.482143  0.392857  0.250000   0.004815  0.008846  0.011496          36  0.666667  0.638889  0.003917   0.444444           False            False 0.603151
    111        0.75             0.01           0.08         any               6         rsi_up2       90    0.711111    0.622222   0.001243         61 0.524590 0.524590 -0.003825   0.459016  0.360656  0.229508   0.002756  0.003997  0.006430          40  0.650000  0.625000  0.005922   0.475000           False            False 0.602811
    111        0.90             0.01           0.08         any               2  rsi_above_sma3       93    0.720430    0.612903   0.000232         63 0.571429 0.555556  0.001611   0.428571  0.380952  0.206349   0.002555  0.007692  0.006803          42  0.595238  0.547619 -0.002099   0.380952           False            False 0.599141
    111        0.90             0.01           0.08         any               4 rsi_bottom_turn       90    0.677778    0.611111   0.002941         60 0.750000 0.700000  0.015704   0.533333  0.450000  0.216667   0.017305  0.019315  0.015173          38  0.631579  0.631579  0.007004   0.394737           False            False 0.598522
    111        0.90             0.00           0.08         any               6         rsi_up2      106    0.688679    0.622642   0.000669         71 0.563380 0.563380 -0.000261   0.492958  0.380282  0.267606   0.006779  0.006361  0.011972          46  0.652174  0.630435  0.002326   0.413043           False            False 0.597903
    111        0.90             0.00           0.08 nonnegative               4 rsi_bottom_turn       48    0.625000    0.625000   0.008419         32 0.781250 0.687500  0.019597   0.500000  0.437500  0.218750   0.017692  0.020570  0.022947          23  0.695652  0.695652  0.012433   0.565217           False            False 0.596026

CHIP AUG 2026
none

CROSS-VENUE SURVIVORS
none

No live promotion.
